2020002002
2020000002
2020002002
1010000000
1010200000
1010200000
2022000202
0002000021
0002000021
2020002002
1010000000
2022000002
0002002021
2020002002
2020002002
2020000002
0002000001
0002002001
1010000000
1010000000
0002000001
0002000001
0000002001
1010000200
0002000001
2022000002
0000000001
2020200002
2022000202
1010000000
2222200002
1010000200
0002002001
2020000202
1010000000
1010000200
0000002001
2020000002
0000001001
2022000002
0000000001
0001000021
2020000002
2020000002
1010020200
2020200002
2020000202
0002000001
1010000200
0001000021
