02000022202
01202211101
01202211101
21202222222
21202200010
21202222222
01101100020
01101100010
01101100010
02202222222
01101122222
01202222222
01101122202
01101100020
01101111101
01101122222
21000022222
01000011101
01101122222
01101122222
00000000020
01222200010
01202211101
11000000010
21202200010
02202222222
02202222222
02202222222
01222200010
01101111101
01101100020
22000000010
01222222222
01101100020
01222222202
21202222222
02202222222
01202211101
01222200010
01101111101
21202222222
21202200010
02000022202
02202200010
02202200020
02202222222
21202222222
11000000010
21202200010
02202200010
00000000000
21202200010
21000022202
01101111101
01101122222
21000022222
21202222222
11000000010
01020022222
01101111101
02202222202
22000000020
01101122222
01101122222
11000200010
02000022222
01101122202
21202200020
21202200010
21202200010
11000000010
01101122222
21202200010
01101111101
01101100010
02202222202
21202200010
02202222202
01202222222
01101111101
01101122222
21202222222
21202200010
01202222222
01101122222
21202222222
22000000010
02202200010
02000022222
11000000010
01222200020
01101100010
01101111101
01101100010
01222200010
11000000010
01101122202
00000000000
22000000010
11000000010
21202222222
11000000010
01101122222
00000000010
01101122222
02202222202
02202200010
02202200020
01101100010
02202200020
21202222222
11000000010
01101100010
21202200020
01222200020
02000022222
21020000010
21202222222
22000000020
01101100010
02202222202
