0000000001
1010010100
0000001001
1010000100
1010000000
0000000001
1010000000
0000001001
1010100000
0001000001
0001000011
0000000001
1010100000
0000000001
0001000001
0000000001
0001000001
1010000000
1010000000
1010000000
0000000001
1010000000
1010000100
0000000001
1010000000
0001000001
1010100000
1010000000
0000001001
1010100000
1010000000
0000000001
0000000001
0000001001
1010000000
0000000001
1010000000
0000000001
0001000001
1010000000
0000001001
0001000001
1010000000
0001000001
0001000001
1010000000
0000000001
1010000000
0000001001
0000000001
1010000000
0000000001
0001000011
1010000000
1010000000
1010100000
0000001001
0001000011
0000000001
1010000100
0000000001
0000001001
1010000000
0000000001
0000001001
1010000000
1010000100
0000000001
0000000001
0001000001
1010000000
0000001001
0001000011
1010000100
1010000000
1010000000
1010000000
0000000001
1010000000
0101000001
0000000001
0001000001
1010000000
0001000011
0000001001
1010000000
0001000001
1010000100
0001000001
0001000001
0001000001
1010000100
1010000000
1010000000
1010000000
1010000000
1010000100
0000001001
0000000001
1010000000
