00000000000
01000011101
01000011101
01101111101
01101111101
01000011101
01101111101
11000000010
01101100010
11000000010
11000000010
01101111101
01101100010
01101100000
01101100010
01101100010
01101100010
01101100010
00000011101
01101100010
01101100010
01101111101
01000011111
01101100000
01101100000
01101111101
01101100000
01101100010
01101111101
01101111101
01101111101
01101100010
01000011101
11000000010
01000011101
01000011101
01101111101
01101100010
01101111101
01101100010
00000000010
00000000000
01101100010
01010000010
01000011101
01101111101
11000000010
11000000010
11000000010
01101100010
01101100010
00000011101
01101111101
00000000010
00000000010
01101111101
01010000010
01101100010
01101111101
01101111101
01101100010
01101100000
11000000010
00000000010
01101111101
01010000010
01101100000
01101100010
01010000000
01101111101
11000000010
01101111101
01101111101
00000000010
01000011101
01101111101
01101100010
01010000010
01101111101
01101111101
11000000010
01101111101
01101100010
11000000010
01000011101
00000000000
00000000010
01101100010
01101100000
00000000010
00000000010
01101111101
01101111101
11000000010
11000000010
11000000010
11000000010
01101100010
00000000010
01101100010
00000000000
00000000000
01101100010
11000000010
11000000000
01000011101
01101111101
01101111101
01101100010
01101111101
01000011101
11000000010
11000000010
01101111101
11000000010
11000000010
01010000010
01000011101
01101111101
01101111101
00000000000
01101111101
00000000000
11000000010
01101111101
01101100010
01101100010
01101111101
11000100010
11000000010
00000000010
01000011101
01101111101
01101100000
01101100000
11000000010
01101100010
11000000010
01101100010
11000000010
11000000010
11000000010
01101100010
01101111101
01101100010
11000000010
01101111101
01101111101
01101100010
01101100010
01101111101
00000000000
01101100010
11000000010
01101111101
00000000000
01000011101
01101100010
01101111101
01101111101
01101100010
01101111101
01101111101
11000000010
11000000010
01101100010
01000011101
01101100010
01101111101
01101100010
01101111101
11000000010
11000000010
00000000010
01101100010
00000000010
01000011101
00000000010
11000000010
11000000010
01010000010
01101100000
01101100010
01101100010
01101111101
01101111101
01101100010
01101100010
01010000010
01101100010
11000000010
11000000010
01101111101
01101100000
00000000000
00000000000
00000000010
11000000010
11000000010
11000000010
11000000010
01101111101
11000000010
11000000010
01101100010
01101111101
00000000010
00000000010
01101111101
01101100010
00000011101
01101100000
00000000010
01101100010
01101100010
00000000000
01101100010
01101100010
01101100000
00000000010
01101111101
11000000010
11000000010
11000000010
01101100010
01101100010
11000000010
01101100000
01010000000
01101100010
00000011101
01000000010
11000000010
01010000010
11000011101
01101100010
11000000000
00000000010
01101100010
01101100010
00000011101
01101100000
